11790
22800
27990
32700
33900
35100
44220
53700
64770
77100
87030
96450
113010
129600
132960
136200
164550
190350
215070
241200
243090
245250
268050
288450
298470
308100
310350
312750
346350
377550
409500
438900
453240
466350
469140
471750
472710
473700
486360
497700
509490
522600
524760
526800
528330
530100
541230
552450
559050
565500
568620
571950
576570
581700
583260
584700
588510
592500
652320
714750
716460
718050
737310
758250
773820
791400
793830
796200
797520
798900
816570
832650
845580
857850
877890
895800
900900
906300
909420
912900
924810
935550
950940
967200
976080
985500
991140
997500
998790
